x:
911
910
909
908
907
906
905
904
903
902
901
900
899
898
897
896
895
894
893
892
891
890
889
888
887
886
885
884
883
882
881
880
879
878
877
876
875
874
873
872
871
870
869
868
867
866
865
864
863
862
861
860
859
858
857
856
855
854
853
852
851
850
849
848
847
846
845
844
843
842
841
840
839
838
837
836
835
834
833
832
831
830
829
828
827
826
825
824
823
822
821
820
819
818
817
Y:
325.96
326.92
327.88
328.84
329.8
330.76
331.72
332.68
333.64
334.6
335.56
336.52
337.48
338.44
339.4
340.36
341.32
342.28
343.24
344.2
345.16
346.12
347.08
348.04
349
349.96
350.92
351.88
352.84
353.8
354.76
355.72
356.68
357.64
358.6
359.56
360.52
361.48
362.44
363.4
364.36
365.32
366.28
367.24
368.2
369.16
370.12
371.08
372.04
373
373.96
374.92
375.88
376.84
377.8
378.76
379.72
380.68
381.64
382.6
383.56
384.52
385.48
386.44
387.4
388.36
389.32
390.28
391.24
392.2
393.16
394.12
395.08
396.04
397
397.96
398.92
399.88
400.84
401.8
402.76
403.72
404.68
405.64
406.6
407.56
408.52
409.48
410.44
411.4
412.36
413.32
414.28
415.24
416.2